133231655193395184,0.998658,-0.006168,0.057315,-3.618246,0.057831,0.119278,-0.991078,2.971313,-0.001383,0.992497,0.119388,1.620662,0.000000,0.000000,0.000000,1.000000
133231655193728381,0.998628,-0.007163,0.057703,-3.618805,0.058333,0.114156,-0.991652,2.972393,-0.000143,0.993092,0.114332,1.621198,0.000000,0.000000,0.000000,1.000000
133231655194061578,0.998545,-0.008024,0.059018,-3.619291,0.059735,0.111843,-0.991831,2.973630,0.000697,0.993351,0.112076,1.621379,0.000000,0.000000,0.000000,1.000000
133231655194394773,0.998377,-0.009447,0.061591,-3.619681,0.062445,0.110072,-0.991863,2.975054,0.001930,0.993536,0.110398,1.621508,0.000000,0.000000,0.000000,1.000000
133231655194727970,0.998192,-0.011556,0.064173,-3.619850,0.065220,0.104900,-0.992244,2.976720,0.004073,0.994075,0.105381,1.621877,0.000000,0.000000,0.000000,1.000000
133231655195061166,0.998149,-0.013095,0.064555,-3.619449,0.065762,0.104840,-0.992215,2.978528,0.005563,0.994063,0.105424,1.621523,0.000000,0.000000,0.000000,1.000000
133231655195394362,0.998118,-0.014137,0.064814,-3.618879,0.066154,0.108343,-0.991813,2.980349,0.006336,0.993674,0.108988,1.620879,0.000000,0.000000,0.000000,1.000000
133231655195727558,0.998045,-0.014188,0.065911,-3.618352,0.067253,0.108713,-0.991698,2.982282,0.006242,0.993632,0.109367,1.620697,0.000000,0.000000,0.000000,1.000000
133231655196060755,0.997942,-0.014574,0.067372,-3.617912,0.068738,0.107591,-0.991719,2.984248,0.006541,0.993749,0.108283,1.620743,0.000000,0.000000,0.000000,1.000000
133231655196393951,0.997705,-0.016726,0.070318,-3.617722,0.071881,0.105581,-0.991712,2.986212,0.008499,0.993932,0.106454,1.620932,0.000000,0.000000,0.000000,1.000000
133231655196727147,0.997357,-0.019847,0.074335,-3.617581,0.076189,0.104168,-0.991539,2.988218,0.011270,0.994026,0.105315,1.621073,0.000000,0.000000,0.000000,1.000000
133231655197060344,0.997011,-0.022082,0.078226,-3.617227,0.080292,0.104006,-0.991232,2.990307,0.013086,0.993997,0.105375,1.621073,0.000000,0.000000,0.000000,1.000000
133231655197393540,0.996714,-0.023454,0.081552,-3.616590,0.083733,0.103360,-0.991015,2.992486,0.014147,0.994034,0.104889,1.621103,0.000000,0.000000,0.000000,1.000000
133231655197726736,0.996475,-0.024061,0.084255,-3.615658,0.086459,0.101715,-0.990952,2.994784,0.014606,0.994190,0.103341,1.621223,0.000000,0.000000,0.000000,1.000000
133231655198059932,0.996359,-0.023572,0.085744,-3.614375,0.087869,0.100375,-0.990964,2.997121,0.014085,0.994337,0.101985,1.621304,0.000000,0.000000,0.000000,1.000000
133231655198393129,0.996411,-0.022304,0.085488,-3.612750,0.087485,0.100388,-0.990997,2.999536,0.012855,0.994365,0.101883,1.621135,0.000000,0.000000,0.000000,1.000000
133231655198726325,0.996668,-0.020593,0.082883,-3.610702,0.084735,0.101575,-0.991115,3.002046,0.011326,0.994280,0.102888,1.620786,0.000000,0.000000,0.000000,1.000000
133231655199059521,0.997047,-0.018801,0.078629,-3.608334,0.080347,0.104062,-0.991222,3.004596,0.009789,0.994057,0.105173,1.620260,0.000000,0.000000,0.000000,1.000000
133231655199392717,0.997455,-0.017488,0.073605,-3.605794,0.075243,0.107174,-0.991291,3.007219,0.008783,0.993749,0.108126,1.619630,0.000000,0.000000,0.000000,1.000000
133231655199725914,0.997813,-0.016721,0.068776,-3.603172,0.070386,0.109888,-0.991351,3.009900,0.008355,0.993466,0.110735,1.618984,0.000000,0.000000,0.000000,1.000000
133231655200059110,0.998080,-0.016380,0.064877,-3.600604,0.066490,0.111516,-0.991438,3.012703,0.008341,0.993290,0.112303,1.618508,0.000000,0.000000,0.000000,1.000000
133231655200392306,0.998236,-0.016973,0.062252,-3.598141,0.063961,0.112763,-0.991464,3.015649,0.009143,0.993140,0.113563,1.618115,0.000000,0.000000,0.000000,1.000000
133231655200725503,0.998279,-0.018384,0.061160,-3.595704,0.063058,0.114578,-0.991313,3.018746,0.010551,0.992907,0.115452,1.617642,0.000000,0.000000,0.000000,1.000000
133231655201058698,0.998228,-0.020327,0.061373,-3.593303,0.063510,0.115795,-0.991143,3.021945,0.012374,0.992730,0.116793,1.617200,0.000000,0.000000,0.000000,1.000000
133231655201391895,0.998105,-0.022824,0.062479,-3.590862,0.064896,0.115526,-0.991085,3.025392,0.014734,0.992708,0.116699,1.616896,0.000000,0.000000,0.000000,1.000000
133231655201725091,0.997915,-0.025459,0.064469,-3.588354,0.067158,0.114329,-0.991073,3.029017,0.017192,0.992785,0.115711,1.616672,0.000000,0.000000,0.000000,1.000000
133231655202058288,0.997675,-0.028195,0.067015,-3.585728,0.069999,0.114080,-0.990905,3.032888,0.019623,0.992742,0.115696,1.616338,0.000000,0.000000,0.000000,1.000000
133231655202391484,0.997429,-0.030970,0.069399,-3.582935,0.072711,0.115060,-0.990596,3.036983,0.022021,0.992547,0.116922,1.615812,0.000000,0.000000,0.000000,1.000000
133231655202724680,0.997226,-0.033470,0.071131,-3.579924,0.074741,0.115727,-0.990368,3.041321,0.024243,0.992390,0.117813,1.615236,0.000000,0.000000,0.000000,1.000000
133231655203057877,0.997087,-0.036286,0.071692,-3.576657,0.075671,0.117180,-0.990126,3.045851,0.026852,0.992123,0.119488,1.614582,0.000000,0.000000,0.000000,1.000000
133231655203391073,0.996992,-0.038657,0.071788,-3.573246,0.076091,0.118541,-0.989932,3.050485,0.029083,0.991873,0.121028,1.613962,0.000000,0.000000,0.000000,1.000000
133231655203724269,0.996862,-0.040678,0.072458,-3.569943,0.077013,0.118934,-0.989813,3.055123,0.030969,0.991746,0.121595,1.613468,0.000000,0.000000,0.000000,1.000000
133231655204057465,0.996613,-0.043022,0.074508,-3.566881,0.079314,0.118330,-0.989704,3.059739,0.033085,0.991721,0.121242,1.613111,0.000000,0.000000,0.000000,1.000000
133231655204390662,0.996232,-0.045638,0.077962,-3.564212,0.083072,0.118579,-0.989366,3.064279,0.035230,0.991576,0.121822,1.612725,0.000000,0.000000,0.000000,1.000000
133231655204723857,0.995822,-0.048162,0.081597,-3.561706,0.087016,0.119251,-0.988946,3.068754,0.037220,0.991379,0.122839,1.612369,0.000000,0.000000,0.000000,1.000000
133231655205057054,0.995480,-0.049881,0.084677,-3.559210,0.090300,0.119592,-0.988610,3.073160,0.038506,0.991253,0.123448,1.612166,0.000000,0.000000,0.000000,1.000000
133231655205390250,0.995200,-0.050737,0.087417,-3.556853,0.093084,0.118485,-0.988485,3.077570,0.039115,0.991343,0.122530,1.612279,0.000000,0.000000,0.000000,1.000000
133231655205723446,0.994985,-0.050630,0.089893,-3.554595,0.095430,0.115973,-0.988559,3.081974,0.038945,0.991645,0.120114,1.612506,0.000000,0.000000,0.000000,1.000000
133231655206056643,0.994893,-0.049175,0.091705,-3.552445,0.096971,0.113819,-0.988660,3.086501,0.037500,0.991967,0.117898,1.612492,0.000000,0.000000,0.000000,1.000000
133231655206389839,0.994846,-0.047174,0.093249,-3.550634,0.098233,0.112815,-0.988650,3.091091,0.035440,0.992178,0.116758,1.612203,0.000000,0.000000,0.000000,1.000000
133231655206723035,0.994877,-0.044527,0.094222,-3.549023,0.098871,0.112260,-0.988650,3.095708,0.032768,0.992361,0.115978,1.611821,0.000000,0.000000,0.000000,1.000000
133231655207056232,0.995100,-0.040917,0.093496,-3.547653,0.097744,0.112624,-0.988721,3.100313,0.029251,0.992473,0.115963,1.611527,0.000000,0.000000,0.000000,1.000000
133231655207389428,0.995452,-0.037023,0.091341,-3.546691,0.095187,0.114026,-0.988809,3.104881,0.025520,0.992463,0.116924,1.611683,0.000000,0.000000,0.000000,1.000000
133231655207722624,0.995831,-0.034027,0.088338,-3.546342,0.091825,0.112788,-0.989269,3.109561,0.023027,0.992710,0.115336,1.612458,0.000000,0.000000,0.000000,1.000000
133231655208055820,0.996139,-0.032356,0.085438,-3.546754,0.088647,0.108217,-0.990069,3.114467,0.022117,0.993273,0.110567,1.613428,0.000000,0.000000,0.000000,1.000000
133231655208389016,0.996319,-0.032287,0.083330,-3.548058,0.086466,0.104826,-0.990626,3.119734,0.022578,0.993638,0.107136,1.613815,0.000000,0.000000,0.000000,1.000000
133231655208722213,0.996350,-0.034057,0.082266,-3.550273,0.085614,0.105450,-0.990635,3.125495,0.024389,0.993515,0.107884,1.613195,0.000000,0.000000,0.000000,1.000000
133231655209055409,0.996284,-0.036107,0.082185,-3.553287,0.085840,0.108564,-0.990278,3.131664,0.026159,0.993108,0.111161,1.612101,0.000000,0.000000,0.000000,1.000000
133231655209388605,0.996273,-0.036522,0.082138,-3.556981,0.085863,0.109408,-0.990184,3.138057,0.026503,0.993001,0.112037,1.611391,0.000000,0.000000,0.000000,1.000000
133231655209721802,0.996410,-0.035122,0.081081,-3.561279,0.084622,0.108186,-0.990425,3.144610,0.025340,0.993184,0.110672,1.610872,0.000000,0.000000,0.000000,1.000000
133231655210054997,0.996672,-0.033633,0.078450,-3.566328,0.081819,0.107283,-0.990758,3.151200,0.024232,0.993332,0.109582,1.610193,0.000000,0.000000,0.000000,1.000000
133231655210388194,0.997040,-0.033124,0.073841,-3.572110,0.077183,0.107294,-0.991129,3.157775,0.024234,0.993349,0.109440,1.609128,0.000000,0.000000,0.000000,1.000000
133231655210721390,0.997466,-0.034006,0.067424,-3.578644,0.070948,0.109102,-0.991397,3.164357,0.025683,0.993122,0.111149,1.607850,0.000000,0.000000,0.000000,1.000000
133231655211054587,0.997909,-0.035435,0.059687,-3.585828,0.063387,0.108055,-0.992024,3.171081,0.028027,0.993187,0.109992,1.607481,0.000000,0.000000,0.000000,1.000000
133231655211387783,0.998335,-0.036023,0.051653,-3.593409,0.055361,0.104658,-0.992869,3.178058,0.029683,0.993530,0.106403,1.607795,0.000000,0.000000,0.000000,1.000000
133231655211720979,0.998724,-0.036574,0.043044,-3.601225,0.046638,0.097840,-0.994012,3.185573,0.031466,0.994205,0.099355,1.609019,0.000000,0.000000,0.000000,1.000000
133231655212054175,0.998974,-0.037594,0.035751,-3.609325,0.039357,0.094233,-0.994674,3.193547,0.033346,0.994516,0.095556,1.610417,0.000000,0.000000,0.000000,1.000000
133231655212387371,0.999190,-0.037778,0.028875,-3.617369,0.032502,0.093442,-0.994996,3.201920,0.034211,0.994583,0.094540,1.611955,0.000000,0.000000,0.000000,1.000000
133231655212720568,0.999396,-0.036791,0.022233,-3.625212,0.025780,0.093046,-0.995230,3.210586,0.033867,0.994656,0.093888,1.613554,0.000000,0.000000,0.000000,1.000000
133231655213053764,0.999566,-0.035284,0.016272,-3.632910,0.019738,0.094112,-0.995268,3.219237,0.032906,0.994610,0.094722,1.614596,0.000000,0.000000,0.000000,1.000000
133231655213386960,0.999694,-0.033736,0.010745,-3.640291,0.014114,0.094884,-0.995291,3.227898,0.031879,0.994589,0.095288,1.614948,0.000000,0.000000,0.000000,1.000000
133231655213720157,0.999771,-0.032690,0.005392,-3.647206,0.008647,0.093703,-0.995465,3.236573,0.031357,0.994734,0.093926,1.614733,0.000000,0.000000,0.000000,1.000000
133231655214053353,0.999781,-0.032850,0.000247,-3.653481,0.003484,0.092007,-0.995654,3.245286,0.032006,0.994888,0.092067,1.614001,0.000000,0.000000,0.000000,1.000000
133231655214386549,0.999731,-0.034137,-0.003765,-3.659164,-0.000420,0.091246,-0.995730,3.254130,0.033655,0.994915,0.091176,1.613029,0.000000,0.000000,0.000000,1.000000
133231655214719745,0.999632,-0.036451,-0.007040,-3.664139,-0.003430,0.092353,-0.995623,3.263168,0.036261,0.994733,0.092164,1.611977,0.000000,0.000000,0.000000,1.000000
133231655215052942,0.999508,-0.039234,-0.009300,-3.668337,-0.005349,0.094208,-0.995440,3.272580,0.039249,0.994454,0.093923,1.611411,0.000000,0.000000,0.000000,1.000000
133231655215386138,0.999426,-0.040776,-0.011272,-3.671667,-0.007153,0.094562,-0.995396,3.282300,0.040971,0.994360,0.094189,1.611892,0.000000,0.000000,0.000000,1.000000
133231655215719334,0.999393,-0.040861,-0.013600,-3.674077,-0.009474,0.094320,-0.995399,3.292448,0.041272,0.994379,0.093850,1.612889,0.000000,0.000000,0.000000,1.000000
133231655216052530,0.999368,-0.040654,-0.015918,-3.675781,-0.011849,0.093235,-0.995475,3.303042,0.041271,0.994491,0.092671,1.613911,0.000000,0.000000,0.000000,1.000000
133231655216385727,0.999373,-0.039553,-0.018192,-3.676839,-0.014300,0.091202,-0.995632,3.314154,0.040357,0.994723,0.090558,1.614604,0.000000,0.000000,0.000000,1.000000
133231655216718923,0.999395,-0.038078,-0.020023,-3.677406,-0.016309,0.089923,-0.995717,3.325939,0.039033,0.994896,0.089228,1.614707,0.000000,0.000000,0.000000,1.000000
133231655217052119,0.999420,-0.036787,-0.021164,-3.677481,-0.017585,0.089279,-0.995753,3.338419,0.037840,0.995002,0.088562,1.614412,0.000000,0.000000,0.000000,1.000000
133231655217385316,0.999478,-0.034855,-0.021640,-3.676933,-0.018204,0.090010,-0.995677,3.351607,0.035972,0.995003,0.089310,1.613805,0.000000,0.000000,0.000000,1.000000
133231655217718512,0.999562,-0.032491,-0.021474,-3.675963,-0.018189,0.091775,-0.995516,3.365461,0.033637,0.994921,0.091125,1.612883,0.000000,0.000000,0.000000,1.000000
133231655218051708,0.999638,-0.030245,-0.021232,-3.674284,-0.018074,0.094190,-0.995292,3.379902,0.031424,0.994765,0.093589,1.611589,0.000000,0.000000,0.000000,1.000000
133231655218384904,0.999697,-0.028296,-0.021113,-3.671790,-0.018049,0.097149,-0.995008,3.394875,0.029529,0.994537,0.096587,1.609775,0.000000,0.000000,0.000000,1.000000
133231655218718101,0.999771,-0.025759,-0.020872,-3.668524,-0.018021,0.098363,-0.994889,3.410431,0.027005,0.994485,0.097853,1.607935,0.000000,0.000000,0.000000,1.000000
133231655219051297,0.999841,-0.022779,-0.021000,-3.664319,-0.018431,0.098747,-0.994844,3.426515,0.024062,0.994518,0.098288,1.606141,0.000000,0.000000,0.000000,1.000000
133231655219384493,0.999890,-0.020506,-0.021003,-3.659279,-0.018630,0.099925,-0.994722,3.443020,0.021824,0.994448,0.099507,1.604187,0.000000,0.000000,0.000000,1.000000
133231655219717689,0.999945,-0.019498,-0.019267,-3.653665,-0.016912,0.104180,-0.994317,3.459895,0.020723,0.994031,0.103817,1.602370,0.000000,0.000000,0.000000,1.000000
133231655220050885,0.999992,-0.018934,-0.017275,-3.647597,-0.015000,0.103723,-0.994395,3.477133,0.019949,0.994088,0.103409,1.602176,0.000000,0.000000,0.000000,1.000000
133231655220384082,1.000066,-0.017812,-0.013868,-3.641198,-0.011699,0.105224,-0.994282,3.494508,0.018499,0.993951,0.104989,1.602813,0.000000,0.000000,0.000000,1.000000
133231655220717278,1.000118,-0.016724,-0.011263,-3.634638,-0.009219,0.105456,-0.994283,3.512018,0.017146,0.993945,0.105280,1.604446,0.000000,0.000000,0.000000,1.000000
133231655221050474,1.000141,-0.016125,-0.009948,-3.628060,-0.007944,0.107245,-0.994103,3.529365,0.016427,0.993763,0.107097,1.606599,0.000000,0.000000,0.000000,1.000000
133231655221383670,1.000129,-0.016874,-0.009999,-3.621674,-0.007935,0.106135,-0.994222,3.546539,0.017168,0.993871,0.105979,1.609439,0.000000,0.000000,0.000000,1.000000
133231655221716867,1.000078,-0.019468,-0.010419,-3.615643,-0.008124,0.103828,-0.994464,3.563416,0.019770,0.994068,0.103644,1.611714,0.000000,0.000000,0.000000,1.000000
133231655222050064,0.999985,-0.023905,-0.010013,-3.610235,-0.007259,0.103901,-0.994463,3.579655,0.024138,0.993966,0.103692,1.612365,0.000000,0.000000,0.000000,1.000000
133231655222383259,0.999850,-0.029216,-0.009392,-3.605347,-0.006073,0.104490,-0.994410,3.595484,0.029356,0.993766,0.104262,1.612195,0.000000,0.000000,0.000000,1.000000
133231655222716455,0.999716,-0.033595,-0.009000,-3.601052,-0.005204,0.105126,-0.994347,3.610972,0.033671,0.993562,0.104886,1.612025,0.000000,0.000000,0.000000,1.000000
133231655223049652,0.999646,-0.035643,-0.008849,-3.597303,-0.004786,0.106572,-0.994195,3.626189,0.035698,0.993339,0.106328,1.612326,0.000000,0.000000,0.000000,1.000000
133231655223382848,0.999596,-0.036462,-0.010933,-3.593915,-0.006713,0.108126,-0.994016,3.641288,0.036745,0.993142,0.107802,1.613333,0.000000,0.000000,0.000000,1.000000
133231655223716044,0.999491,-0.037376,-0.016170,-3.590622,-0.011752,0.109921,-0.993774,3.656160,0.038240,0.992912,0.109392,1.614648,0.000000,0.000000,0.000000,1.000000
133231655224049241,0.999261,-0.038797,-0.024770,-3.587229,-0.020207,0.108501,-0.993794,3.671038,0.040562,0.993015,0.107611,1.615994,0.000000,0.000000,0.000000,1.000000
133231655224382437,0.998883,-0.039542,-0.036211,-3.583906,-0.031623,0.105785,-0.993788,3.686009,0.042445,0.993279,0.104399,1.616915,0.000000,0.000000,0.000000,1.000000
133231655224715633,0.998271,-0.040231,-0.049769,-3.580666,-0.045116,0.104139,-0.993441,3.701314,0.044467,0.993426,0.102137,1.617086,0.000000,0.000000,0.000000,1.000000
133231655225048829,0.997494,-0.041121,-0.062893,-3.578029,-0.058083,0.104197,-0.992761,3.716951,0.046694,0.993384,0.101550,1.616621,0.000000,0.000000,0.000000,1.000000
133231655225382026,0.996641,-0.041282,-0.075136,-3.576061,-0.070250,0.104239,-0.991971,3.732952,0.048100,0.993373,0.100999,1.615935,0.000000,0.000000,0.000000,1.000000
133231655225715222,0.995655,-0.041111,-0.087312,-3.574604,-0.082391,0.104156,-0.991045,3.749580,0.049154,0.993389,0.100335,1.614960,0.000000,0.000000,0.000000,1.000000
133231655226048418,0.994593,-0.039262,-0.099420,-3.573639,-0.094592,0.104898,-0.989876,3.766547,0.048612,0.993384,0.100645,1.613529,0.000000,0.000000,0.000000,1.000000
133231655226381614,0.993247,-0.035375,-0.113358,-3.572977,-0.108735,0.107412,-0.988152,3.783815,0.046453,0.993259,0.102875,1.611522,0.000000,0.000000,0.000000,1.000000
133231655226714810,0.991364,-0.030255,-0.130090,-3.572679,-0.125749,0.110963,-0.985738,3.801286,0.043582,0.993035,0.106244,1.609374,0.000000,0.000000,0.000000,1.000000
133231655227048007,0.988680,-0.024876,-0.150111,-3.572705,-0.146075,0.114565,-0.982519,3.819198,0.040966,0.992771,0.109689,1.607378,0.000000,0.000000,0.000000,1.000000
133231655227381203,0.985012,-0.019778,-0.173210,-3.573110,-0.169515,0.116373,-0.978533,3.837363,0.038842,0.992673,0.111345,1.605782,0.000000,0.000000,0.000000,1.000000
133231655227714400,0.980262,-0.014109,-0.198816,-3.574003,-0.195476,0.119229,-0.973334,3.855615,0.036774,0.992426,0.114202,1.604050,0.000000,0.000000,0.000000,1.000000
133231655228047596,0.974284,-0.007096,-0.226629,-3.575363,-0.223669,0.125567,-0.966442,3.873744,0.034656,0.991714,0.120848,1.602151,0.000000,0.000000,0.000000,1.000000
133231655228380792,0.966578,-0.000323,-0.257614,-3.577210,-0.255063,0.130315,-0.958000,3.891837,0.033227,0.991123,0.125993,1.602329,0.000000,0.000000,0.000000,1.000000
133231655228713988,0.957395,0.006335,-0.289816,-3.579130,-0.287616,0.136341,-0.947887,3.909531,0.032862,0.990287,0.132489,1.604187,0.000000,0.000000,0.000000,1.000000
133231655229047184,0.945191,0.009435,-0.327361,-3.580464,-0.325527,0.126705,-0.936899,3.927142,0.032002,0.991539,0.122996,1.608720,0.000000,0.000000,0.000000,1.000000
133231655229380381,0.930215,0.015963,-0.367537,-3.581036,-0.366427,0.117581,-0.922881,3.943756,0.027859,0.992575,0.115420,1.612832,0.000000,0.000000,0.000000,1.000000
133231655229713577,0.912109,0.021025,-0.410189,-3.580914,-0.409620,0.106577,-0.905900,3.959987,0.024061,0.993718,0.106049,1.616465,0.000000,0.000000,0.000000,1.000000
133231655230046773,0.891013,0.026923,-0.453884,-3.580135,-0.453818,0.098755,-0.885495,3.975495,0.020390,0.994380,0.100468,1.618769,0.000000,0.000000,0.000000,1.000000
133231655230379969,0.865766,0.033720,-0.499951,-3.578344,-0.500394,0.092637,-0.860713,3.990119,0.016717,0.994758,0.097365,1.619813,0.000000,0.000000,0.000000,1.000000
133231655230713166,0.837130,0.039651,-0.546152,-3.575749,-0.546983,0.087461,-0.832445,4.003836,0.014209,0.995005,0.095226,1.620232,0.000000,0.000000,0.000000,1.000000
133231655231046362,0.806678,0.045647,-0.589772,-3.572748,-0.590940,0.086459,-0.801948,4.016618,0.013855,0.994832,0.097068,1.620226,0.000000,0.000000,0.000000,1.000000
133231655231379558,0.775834,0.050634,-0.629415,-3.569492,-0.630816,0.087338,-0.770876,4.028380,0.015430,0.994511,0.100073,1.620511,0.000000,0.000000,0.000000,1.000000
133231655231712754,0.745605,0.053692,-0.664705,-3.566142,-0.666181,0.087285,-0.740533,4.039228,0.017767,0.994353,0.101243,1.621533,0.000000,0.000000,0.000000,1.000000
133231655232045951,0.716465,0.056134,-0.695824,-3.562535,-0.697366,0.085482,-0.711463,4.049117,0.019072,0.994373,0.100805,1.622652,0.000000,0.000000,0.000000,1.000000
133231655232379147,0.688158,0.058709,-0.723626,-3.558623,-0.725312,0.081283,-0.683463,4.058064,0.018241,0.994576,0.098952,1.623428,0.000000,0.000000,0.000000,1.000000
133231655232712343,0.659807,0.062396,-0.749270,-3.554153,-0.751211,0.077488,-0.655350,4.066203,0.016737,0.994652,0.098450,1.623515,0.000000,0.000000,0.000000,1.000000
133231655233045540,0.631264,0.066715,-0.773110,-3.549122,-0.775381,0.073350,-0.627065,4.073602,0.014462,0.994683,0.098498,1.623111,0.000000,0.000000,0.000000,1.000000
133231655233378736,0.602559,0.069395,-0.795456,-3.543352,-0.797915,0.068092,-0.598749,4.080635,0.012223,0.994871,0.096881,1.622827,0.000000,0.000000,0.000000,1.000000
133231655233711932,0.573490,0.070161,-0.816597,-3.536747,-0.819060,0.062954,-0.570073,4.087209,0.011041,0.995155,0.094065,1.622574,0.000000,0.000000,0.000000,1.000000
133231655234045128,0.544717,0.071329,-0.835966,-3.529263,-0.838459,0.059783,-0.541497,4.093523,0.011001,0.995268,0.092880,1.621987,0.000000,0.000000,0.000000,1.000000
133231655234378325,0.516471,0.073754,-0.853499,-3.520970,-0.856134,0.057866,-0.513316,4.099578,0.011198,0.995203,0.093549,1.620954,0.000000,0.000000,0.000000,1.000000
133231655234711520,0.489202,0.076469,-0.869182,-3.511828,-0.871999,0.055564,-0.486145,4.105345,0.010807,0.995128,0.094392,1.619659,0.000000,0.000000,0.000000,1.000000
133231655235044717,0.463216,0.079231,-0.883060,-3.502001,-0.886076,0.053155,-0.460271,4.110977,0.010176,0.995041,0.095363,1.618188,0.000000,0.000000,0.000000,1.000000
133231655235377913,0.438272,0.082463,-0.895410,-3.491686,-0.898671,0.051490,-0.435366,4.116333,0.009925,0.994864,0.097217,1.616395,0.000000,0.000000,0.000000,1.000000
133231655235711109,0.414023,0.085319,-0.906613,-3.480657,-0.910097,0.049414,-0.411199,4.121483,0.009454,0.994727,0.098656,1.614619,0.000000,0.000000,0.000000,1.000000
133231655236044306,0.389582,0.086949,-0.917228,-3.468911,-0.920825,0.046765,-0.386910,4.126219,0.009007,0.994713,0.098840,1.612902,0.000000,0.000000,0.000000,1.000000
133231655236377502,0.365445,0.088453,-0.926967,-3.456398,-0.930662,0.044805,-0.362857,4.130598,0.009207,0.994670,0.099255,1.611000,0.000000,0.000000,0.000000,1.000000
133231655236710698,0.343090,0.090318,-0.935293,-3.443282,-0.939129,0.043049,-0.340569,4.134755,0.009289,0.994579,0.100156,1.609173,0.000000,0.000000,0.000000,1.000000
133231655237043895,0.323408,0.092462,-0.942071,-3.429822,-0.946091,0.040946,-0.320997,4.139011,0.008692,0.994469,0.101289,1.607494,0.000000,0.000000,0.000000,1.000000
133231655237377091,0.307088,0.095169,-0.947250,-3.416081,-0.951527,0.038222,-0.304860,4.143356,0.007003,0.994322,0.102865,1.606764,0.000000,0.000000,0.000000,1.000000
133231655237710287,0.289797,0.091944,-0.952999,-3.401797,-0.956949,0.032775,-0.288061,4.147660,0.004572,0.994821,0.098062,1.608258,0.000000,0.000000,0.000000,1.000000
133231655238043483,0.272864,0.090573,-0.958115,-3.387528,-0.961923,0.027598,-0.271563,4.152014,0.001682,0.995104,0.095237,1.610242,0.000000,0.000000,0.000000,1.000000
133231655238376680,0.256767,0.089362,-0.962666,-3.373395,-0.966345,0.023580,-0.255783,4.156502,-0.000310,0.995317,0.092996,1.612085,0.000000,0.000000,0.000000,1.000000
133231655238709876,0.242257,0.090847,-0.966282,-3.359795,-0.970082,0.020407,-0.241512,4.161080,-0.002362,0.995253,0.093661,1.613205,0.000000,0.000000,0.000000,1.000000
133231655239043072,0.228879,0.094312,-0.969207,-3.346790,-0.973317,0.017492,-0.228369,4.165660,-0.004715,0.994983,0.096387,1.613462,0.000000,0.000000,0.000000,1.000000
133231655239376268,0.217369,0.098630,-0.971424,-3.334322,-0.975940,0.015201,-0.217057,4.170519,-0.006764,0.994600,0.100149,1.612961,0.000000,0.000000,0.000000,1.000000
133231655239709465,0.207829,0.101933,-0.973170,-3.322187,-0.978012,0.014193,-0.207597,4.175860,-0.007464,0.994280,0.103228,1.612390,0.000000,0.000000,0.000000,1.000000
133231655240042661,0.199002,0.106334,-0.974542,-3.310422,-0.979841,0.013438,-0.198838,4.181484,-0.008156,0.993828,0.107450,1.611944,0.000000,0.000000,0.000000,1.000000
133231655240375857,0.190617,0.113708,-0.975385,-3.298982,-0.981500,0.013189,-0.190494,4.187450,-0.008899,0.993010,0.114699,1.611889,0.000000,0.000000,0.000000,1.000000
133231655240709054,0.181785,0.117783,-0.976587,-3.287864,-0.983187,0.014424,-0.181493,4.193555,-0.007388,0.992516,0.119004,1.612449,0.000000,0.000000,0.000000,1.000000
133231655241042250,0.171910,0.118625,-0.978272,-3.276867,-0.984984,0.017319,-0.171208,4.199635,-0.003460,0.992369,0.120400,1.613121,0.000000,0.000000,0.000000,1.000000
133231655241375446,0.160740,0.116774,-0.980391,-3.265753,-0.986874,0.019916,-0.159649,4.205581,0.000794,0.992541,0.119023,1.613840,0.000000,0.000000,0.000000,1.000000
133231655241708642,0.148619,0.114305,-0.982592,-3.254255,-0.988762,0.021858,-0.147228,4.211433,0.004566,0.992789,0.116853,1.614209,0.000000,0.000000,0.000000,1.000000
133231655242041839,0.136605,0.112094,-0.984589,-3.242214,-0.990469,0.023957,-0.134911,4.217408,0.008388,0.992993,0.114883,1.614192,0.000000,0.000000,0.000000,1.000000
133231655242375035,0.125722,0.110625,-0.986205,-3.229572,-0.991865,0.026864,-0.123647,4.223802,0.012742,0.993084,0.113690,1.613594,0.000000,0.000000,0.000000,1.000000
133231655242708231,0.116044,0.111625,-0.987278,-3.216499,-0.992983,0.030013,-0.113538,4.230652,0.016889,0.992882,0.114914,1.612298,0.000000,0.000000,0.000000,1.000000
133231655243041427,0.107953,0.115189,-0.987785,-3.203303,-0.993847,0.032103,-0.105089,4.237938,0.019541,0.992407,0.118533,1.610528,0.000000,0.000000,0.000000,1.000000
133231655243374624,0.100418,0.115125,-0.988588,-3.190083,-0.994605,0.032832,-0.097422,4.245564,0.021181,0.992391,0.118388,1.609068,0.000000,0.000000,0.000000,1.000000
133231655243707820,0.093408,0.113925,-0.989414,-3.176805,-0.995269,0.032789,-0.090403,4.253728,0.022086,0.992532,0.117037,1.607443,0.000000,0.000000,0.000000,1.000000
133231655244041016,0.086462,0.116744,-0.989716,-3.163700,-0.995895,0.032282,-0.083411,4.262258,0.022161,0.992219,0.119644,1.605035,0.000000,0.000000,0.000000,1.000000
133231655244374213,0.079657,0.121586,-0.989704,-3.150687,-0.996482,0.031029,-0.076607,4.271122,0.021348,0.991676,0.124214,1.603538,0.000000,0.000000,0.000000,1.000000
133231655244707409,0.072231,0.121996,-0.990223,-3.137551,-0.997078,0.028668,-0.069416,4.280059,0.019877,0.991696,0.124295,1.603593,0.000000,0.000000,0.000000,1.000000
133231655245040605,0.064367,0.116158,-0.991467,-3.123950,-0.997626,0.026978,-0.061823,4.289039,0.019530,0.992447,0.118206,1.605681,0.000000,0.000000,0.000000,1.000000
133231655245373801,0.058241,0.112152,-0.992307,-3.110124,-0.997974,0.027434,-0.055689,4.298060,0.020945,0.992897,0.114113,1.608316,0.000000,0.000000,0.000000,1.000000
133231655245706997,0.052957,0.110206,-0.992820,-3.096000,-0.998225,0.028767,-0.050268,4.306790,0.022990,0.993078,0.112126,1.610582,0.000000,0.000000,0.000000,1.000000
133231655246040194,0.049147,0.108481,-0.993206,-3.081643,-0.998417,0.028401,-0.046519,4.315204,0.023134,0.993280,0.110298,1.611891,0.000000,0.000000,0.000000,1.000000
133231655246373390,0.046797,0.110818,-0.993062,-3.067307,-0.998555,0.027115,-0.044246,4.323080,0.021997,0.993056,0.112520,1.611367,0.000000,0.000000,0.000000,1.000000
133231655246706586,0.045309,0.114274,-0.992739,-3.052823,-0.998645,0.026162,-0.042783,4.330281,0.021059,0.992688,0.115894,1.609628,0.000000,0.000000,0.000000,1.000000
133231655247039782,0.043678,0.116738,-0.992526,-3.038098,-0.998724,0.025786,-0.041134,4.336664,0.020769,0.992410,0.118305,1.607726,0.000000,0.000000,0.000000,1.000000
133231655247372979,0.041121,0.119384,-0.992320,-3.022941,-0.998809,0.026729,-0.038390,4.342151,0.021918,0.992069,0.120928,1.606231,0.000000,0.000000,0.000000,1.000000
133231655247706175,0.038740,0.123483,-0.991914,-3.007335,-0.998853,0.028781,-0.035643,4.346891,0.024125,0.991507,0.125041,1.605573,0.000000,0.000000,0.000000,1.000000
133231655248039371,0.036223,0.125515,-0.991754,-2.991009,-0.998896,0.030600,-0.032827,4.350855,0.026206,0.991197,0.127068,1.605776,0.000000,0.000000,0.000000,1.000000
133231655248372568,0.034051,0.125770,-0.991799,-2.974423,-0.998956,0.030956,-0.030587,4.353939,0.026835,0.991154,0.127277,1.606093,0.000000,0.000000,0.000000,1.000000
133231655248705764,0.032207,0.123241,-0.992178,-2.957217,-0.999077,0.028391,-0.029120,4.356202,0.024563,0.991550,0.124626,1.606158,0.000000,0.000000,0.000000,1.000000
133231655249038960,0.030855,0.119735,-0.992651,-2.939207,-0.999241,0.022562,-0.028555,4.357817,0.018964,0.992130,0.120927,1.605588,0.000000,0.000000,0.000000,1.000000
133231655249372156,0.031094,0.118363,-0.992808,-2.920350,-0.999339,0.015845,-0.029625,4.358943,0.012215,0.992425,0.119365,1.604058,0.000000,0.000000,0.000000,1.000000
133231655249705353,0.032129,0.117450,-0.992883,-2.900604,-0.999361,0.010020,-0.031369,4.359548,0.006258,0.992610,0.118286,1.601988,0.000000,0.000000,0.000000,1.000000
133231655250038548,0.034252,0.116541,-0.992919,-2.880004,-0.999308,0.005761,-0.034012,4.359694,0.001751,0.992751,0.117247,1.599708,0.000000,0.000000,0.000000,1.000000
133231655250371745,0.037344,0.114748,-0.993016,-2.858604,-0.999198,0.003016,-0.037444,4.359251,-0.001307,0.992973,0.115359,1.597461,0.000000,0.000000,0.000000,1.000000
133231655250704941,0.045583,0.111017,-0.993096,-2.836442,-0.998854,0.003809,-0.045637,4.358873,-0.001295,0.993396,0.111656,1.595166,0.000000,0.000000,0.000000,1.000000
133231655251038138,0.065912,0.107444,-0.992347,-2.813985,-0.997716,0.006555,-0.065775,4.359514,-0.000588,0.993776,0.108226,1.592645,0.000000,0.000000,0.000000,1.000000
133231655251371334,0.090035,0.101196,-0.991109,-2.791226,-0.995826,0.009976,-0.089660,4.359865,0.000772,0.994407,0.102269,1.590249,0.000000,0.000000,0.000000,1.000000
133231655251704530,0.111155,0.099501,-0.989135,-2.768069,-0.993678,0.015459,-0.110326,4.358681,0.004256,0.994508,0.101187,1.588298,0.000000,0.000000,0.000000,1.000000
133231655252037726,0.123944,0.094007,-0.988152,-2.743900,-0.992165,0.015631,-0.123177,4.355638,0.003800,0.995043,0.095808,1.588690,0.000000,0.000000,0.000000,1.000000
133231655252370922,0.127351,0.092517,-0.987859,-2.719050,-0.991740,0.010653,-0.127070,4.350518,-0.001298,0.995250,0.093711,1.591004,0.000000,0.000000,0.000000,1.000000
133231655252704119,0.122491,0.088101,-0.988877,-2.693545,-0.992330,0.004104,-0.122770,4.344384,-0.006817,0.995701,0.088533,1.594893,0.000000,0.000000,0.000000,1.000000
133231655253037315,0.117937,0.087794,-0.989457,-2.668148,-0.992854,0.000369,-0.118526,4.338734,-0.010095,0.995736,0.087816,1.597934,0.000000,0.000000,0.000000,1.000000
133231655253370511,0.117020,0.089750,-0.989391,-2.643262,-0.992950,-0.000617,-0.117714,4.334285,-0.011228,0.995561,0.089649,1.599301,0.000000,0.000000,0.000000,1.000000
133231655253703707,0.118170,0.089057,-0.989316,-2.618724,-0.992823,0.000190,-0.118788,4.330869,-0.010445,0.995624,0.089044,1.599846,0.000000,0.000000,0.000000,1.000000
133231655254036904,0.119840,0.088777,-0.989141,-2.594512,-0.992626,0.000685,-0.120418,4.328245,-0.010069,0.995648,0.088809,1.599986,0.000000,0.000000,0.000000,1.000000
133231655254370100,0.120596,0.088094,-0.989110,-2.570409,-0.992539,0.001100,-0.121133,4.326425,-0.009640,0.995710,0.088174,1.600609,0.000000,0.000000,0.000000,1.000000
133231655254703296,0.120782,0.087432,-0.989147,-2.546455,-0.992532,0.002890,-0.121156,4.325420,-0.007792,0.995764,0.087733,1.601579,0.000000,0.000000,0.000000,1.000000
133231655255036492,0.120544,0.088971,-0.989038,-2.522612,-0.992585,0.007254,-0.120541,4.325040,-0.003610,0.995605,0.089790,1.602124,0.000000,0.000000,0.000000,1.000000
133231655255369689,0.120630,0.092644,-0.988690,-2.498873,-0.992580,0.012446,-0.120155,4.325264,0.001111,0.995217,0.094059,1.601948,0.000000,0.000000,0.000000,1.000000
133231655255702885,0.121209,0.096475,-0.988253,-2.475188,-0.992489,0.018379,-0.120151,4.326042,0.006506,0.994759,0.098577,1.601113,0.000000,0.000000,0.000000,1.000000
133231655256036081,0.122322,0.097263,-0.988038,-2.451351,-0.992303,0.023805,-0.120723,4.327274,0.011709,0.994567,0.100023,1.599877,0.000000,0.000000,0.000000,1.000000
133231655256369278,0.123584,0.094931,-0.988108,-2.427131,-0.992094,0.027469,-0.121660,4.328914,0.015521,0.994699,0.098174,1.598313,0.000000,0.000000,0.000000,1.000000
133231655256702473,0.125830,0.092584,-0.988047,-2.402335,-0.991771,0.029787,-0.123729,4.331115,0.017900,0.994855,0.096171,1.596109,0.000000,0.000000,0.000000,1.000000
133231655257035670,0.128479,0.091062,-0.987848,-2.376840,-0.991392,0.031889,-0.126218,4.333952,0.019930,0.994930,0.094976,1.593225,0.000000,0.000000,0.000000,1.000000
133231655257368866,0.130822,0.089619,-0.987672,-2.350708,-0.991047,0.033770,-0.128421,4.337388,0.021764,0.995001,0.093835,1.589783,0.000000,0.000000,0.000000,1.000000
133231655257702063,0.131665,0.086162,-0.987867,-2.323846,-0.990927,0.033779,-0.129343,4.341379,0.022142,0.995307,0.090431,1.586212,0.000000,0.000000,0.000000,1.000000
133231655258035259,0.130498,0.081699,-0.988402,-2.296273,-0.991072,0.033521,-0.128296,4.345946,0.022569,0.995695,0.085949,1.582682,0.000000,0.000000,0.000000,1.000000
133231655258368455,0.128384,0.077433,-0.989022,-2.268174,-0.991319,0.034045,-0.126234,4.351275,0.023816,0.996020,0.081740,1.579112,0.000000,0.000000,0.000000,1.000000
133231655258701651,0.126297,0.082445,-0.988886,-2.239667,-0.991572,0.035140,-0.123927,4.357158,0.024453,0.995577,0.086794,1.576690,0.000000,0.000000,0.000000,1.000000
133231655259034847,0.119564,0.079638,-0.989952,-2.210393,-0.992371,0.035672,-0.117202,4.363152,0.025904,0.995788,0.083904,1.577552,0.000000,0.000000,0.000000,1.000000
133231655259368044,0.113157,0.079359,-0.990727,-2.180837,-0.993090,0.036283,-0.110736,4.369243,0.027086,0.995789,0.083524,1.581272,0.000000,0.000000,0.000000,1.000000
133231655259701240,0.107535,0.079619,-0.991332,-2.151384,-0.993677,0.037215,-0.105016,4.375067,0.028462,0.995733,0.083726,1.586069,0.000000,0.000000,0.000000,1.000000
133231655260034436,0.102405,0.078679,-0.991949,-2.122272,-0.994182,0.037890,-0.099846,4.380332,0.029663,0.995781,0.082711,1.590595,0.000000,0.000000,0.000000,1.000000
133231655260367632,0.099387,0.080230,-0.992132,-2.094059,-0.994459,0.038745,-0.096703,4.384741,0.030617,0.995624,0.084245,1.592292,0.000000,0.000000,0.000000,1.000000
133231655260700829,0.096667,0.079986,-0.992420,-2.066040,-0.994723,0.038611,-0.093995,4.388307,0.030737,0.995649,0.083906,1.593424,0.000000,0.000000,0.000000,1.000000
133231655261367221,0.095575,0.088168,-0.991832,-2.010631,-0.994887,0.037393,-0.092761,4.393191,0.028848,0.995000,0.091895,1.594275,0.000000,0.000000,0.000000,1.000000
133231655261700417,0.096725,0.095657,-0.991026,-1.983032,-0.994832,0.036152,-0.093823,4.394681,0.026791,0.994350,0.099259,1.594360,0.000000,0.000000,0.000000,1.000000
133231655262033614,0.098183,0.108692,-0.989539,-1.955612,-0.994788,0.033632,-0.095227,4.395539,0.022870,0.993092,0.112018,1.593508,0.000000,0.000000,0.000000,1.000000
133231655262366810,0.099248,0.122304,-0.987843,-1.928338,-0.994772,0.030809,-0.096347,4.395832,0.018592,0.991592,0.125305,1.591703,0.000000,0.000000,0.000000,1.000000
133231655262700006,0.098900,0.131605,-0.986682,-1.901070,-0.994874,0.027675,-0.096247,4.395425,0.014585,0.990489,0.134244,1.589502,0.000000,0.000000,0.000000,1.000000
133231655263033202,0.096893,0.134480,-0.986493,-1.873536,-0.995122,0.023727,-0.094723,4.394329,0.010616,0.990203,0.136699,1.587084,0.000000,0.000000,0.000000,1.000000
133231655263366398,0.094518,0.133672,-0.986833,-1.845591,-0.995383,0.019797,-0.092873,4.392609,0.007074,0.990399,0.135502,1.584109,0.000000,0.000000,0.000000,1.000000
133231655263699595,0.092961,0.132156,-0.987186,-1.817038,-0.995541,0.017610,-0.091608,4.390338,0.005232,0.990645,0.133781,1.580398,0.000000,0.000000,0.000000,1.000000
133231655264032791,0.092187,0.129739,-0.987578,-1.787903,-0.995618,0.016271,-0.091017,4.387267,0.004215,0.990988,0.131250,1.576257,0.000000,0.000000,0.000000,1.000000
133231655264365988,0.093217,0.127633,-0.987756,-1.758087,-0.995525,0.015462,-0.092169,4.383512,0.003463,0.991276,0.129083,1.571772,0.000000,0.000000,0.000000,1.000000
133231655265032380,0.103812,0.124869,-0.987053,-1.697425,-0.994476,0.016028,-0.102783,4.374626,0.002934,0.991620,0.126424,1.562789,0.000000,0.000000,0.000000,1.000000
133231655265365576,0.110849,0.124718,-0.986306,-1.666615,-0.993712,0.017914,-0.109633,4.369653,0.003939,0.991607,0.126501,1.561631,0.000000,0.000000,0.000000,1.000000
133231655266031969,0.122222,0.128925,-0.984420,-1.605815,-0.992378,0.019364,-0.120892,4.359076,0.003412,0.991039,0.130886,1.568111,0.000000,0.000000,0.000000,1.000000
133231655266365165,0.125277,0.125145,-0.984523,-1.576101,-0.991994,0.019819,-0.123926,4.354254,0.003936,0.991516,0.127206,1.574008,0.000000,0.000000,0.000000,1.000000
133231655266698361,0.128236,0.120863,-0.984678,-1.547191,-0.991612,0.020788,-0.126805,4.349991,0.005074,0.992030,0.123097,1.578453,0.000000,0.000000,0.000000,1.000000
133231655267031557,0.130941,0.114035,-0.985135,-1.518461,-0.991247,0.021968,-0.129428,4.346556,0.006810,0.992816,0.116499,1.582159,0.000000,0.000000,0.000000,1.000000
133231655267364753,0.134765,0.113088,-0.984730,-1.490046,-0.990728,0.023050,-0.133156,4.343914,0.007564,0.992900,0.115733,1.584670,0.000000,0.000000,0.000000,1.000000
133231655267697950,0.137684,0.111664,-0.984487,-1.461655,-0.990320,0.023955,-0.136000,4.342003,0.008320,0.993040,0.114469,1.586996,0.000000,0.000000,0.000000,1.000000
133231655268031146,0.139202,0.109497,-0.984518,-1.433197,-0.990098,0.024979,-0.137429,4.340610,0.009465,0.993258,0.112477,1.589122,0.000000,0.000000,0.000000,1.000000
133231655268364342,0.139294,0.111749,-0.984251,-1.404776,-0.990075,0.026322,-0.137347,4.339619,0.010480,0.992971,0.114893,1.590149,0.000000,0.000000,0.000000,1.000000
133231655268697539,0.139047,0.117332,-0.983636,-1.376627,-0.990100,0.027912,-0.136848,4.339060,0.011318,0.992280,0.120635,1.589905,0.000000,0.000000,0.000000,1.000000
133231655269030735,0.138609,0.123412,-0.982955,-1.348761,-0.990148,0.029871,-0.136092,4.338972,0.012486,0.991483,0.126916,1.588525,0.000000,0.000000,0.000000,1.000000
133231655269363931,0.136612,0.125840,-0.982925,-1.320936,-0.990400,0.031748,-0.133805,4.339186,0.014288,0.991118,0.129548,1.586759,0.000000,0.000000,0.000000,1.000000
133231655269697127,0.133501,0.124716,-0.983497,-1.293072,-0.990806,0.032391,-0.130604,4.339759,0.015489,0.991240,0.128473,1.584741,0.000000,0.000000,0.000000,1.000000
133231655270030323,0.130148,0.121079,-0.984400,-1.265256,-0.991259,0.031143,-0.127442,4.340944,0.015150,0.991732,0.124656,1.582423,0.000000,0.000000,0.000000,1.000000
133231655270363520,0.127131,0.115793,-0.985430,-1.237374,-0.991679,0.028095,-0.124854,4.342978,0.013155,0.992458,0.118986,1.579693,0.000000,0.000000,0.000000,1.000000
133231655270696716,0.123908,0.110740,-0.986421,-1.209353,-0.992120,0.024297,-0.122113,4.345818,0.010375,0.993136,0.113467,1.576509,0.000000,0.000000,0.000000,1.000000
133231655271029912,0.121191,0.107474,-0.987118,-1.181361,-0.992468,0.022366,-0.119630,4.349759,0.009154,0.993542,0.109966,1.573129,0.000000,0.000000,0.000000,1.000000
133231655271363108,0.117732,0.105221,-0.987780,-1.153546,-0.992868,0.023346,-0.116068,4.354388,0.010782,0.993762,0.107813,1.569413,0.000000,0.000000,0.000000,1.000000
133231655271696305,0.114406,0.109442,-0.987712,-1.125845,-0.993219,0.026557,-0.112318,4.359618,0.013873,0.993224,0.112328,1.568133,0.000000,0.000000,0.000000,1.000000
133231655272029501,0.109739,0.108040,-0.988396,-1.098351,-0.993717,0.027767,-0.107513,4.365253,0.015766,0.993344,0.111000,1.569555,0.000000,0.000000,0.000000,1.000000
133231655272362697,0.106359,0.102244,-0.989381,-1.071022,-0.994027,0.030071,-0.103968,4.371110,0.019058,0.993893,0.105427,1.574100,0.000000,0.000000,0.000000,1.000000
133231655272695893,0.105339,0.096502,-0.990067,-1.044492,-0.994088,0.031699,-0.102895,4.376665,0.021391,0.994419,0.099870,1.579029,0.000000,0.000000,0.000000,1.000000
133231655273029090,0.102850,0.089076,-0.991024,-1.018589,-0.994277,0.033848,-0.100361,4.381343,0.024540,0.995045,0.092651,1.582663,0.000000,0.000000,0.000000,1.000000
133231655273362286,0.100872,0.083318,-0.991728,-0.993148,-0.994392,0.036419,-0.098300,4.385197,0.027863,0.995457,0.087132,1.585135,0.000000,0.000000,0.000000,1.000000
